7.50000000000000
2.89970699194982e-14
8.13710383674571e-15
0.110000000000000
0.799999700000000
0.799999700000000
2.42577796546376e-13
1.10000000000000
1.10000000000000
1.10000000000000
6.59999999999992
2.46970430713672e-15
0.219999999999999
0.110000000000000
0.799999700000000
0.799999700000000
1.47077531531887e-13
1.10000000000000
1.10000000000000
1.10000000000000
1.59399999999999
1.79990809140206e-15
0.109999999999998
0.0550000000000000
0.799999700000000
0.799999700000000
1.73071261960235e-14
1.10000000000000
1.10000000000000
1.10000000000000
9.59999999999996
1.86448108772887e-15
0.104817584758930
2.28017538912701e-15
9.38579165797953e-13
1.76353170813574e-14
3.49329583493180e-14
0.490959734833199
0.473075180674666
1.73119285570311
1.26947280301585
0.0569275725223797
0.0266490914462317
6.22605148184333e-15
4.03970760167629e-14
1.21611090707848e-13
1.34054382747548e-14
2.13169593504456e-14
1.12584433173120e-13
1.27550422338555e-13
0.749213219473281
0.175999999999474
4.21805003772081e-14
0.102824808221209
1.47759846283309e-14
3.15827896582288e-14
9.07935535550940e-14
1.39633771794738e-13
1.80916629963601e-14
3.94723112238999e-14
1.92217267679465
0.0201003596488173
1.78806220531305e-14
4.22463944908064e-14
3.92571800273049e-14
1.87837182143018e-14
4.53074430729717e-14
0.105278136547387
0.0362108211133872
1.57567342138027e-14
1.47556594295997e-11
0.0126550886477482
4.83692952678224e-14
1.85138811428763e-14
4.05775180310656e-14
4.36595803615378e-14
2.03595559984005e-14
0.194435103927327
0.0597236564684546
8.97974022640083e-14
0.570503030914704
1.21875305543856e-14
6.85261727002515e-14
4.95357823539119e-14
4.26728981659157e-14
1.98766485393312e-14
2.88001592384778e-14
0.00719814468778724
0.00460344905188041
0.00170682633246196
0.259426079388574
0.00892915541149088
1.21445992441772e-14
6.85592797126478e-14
3.43095751404061e-14
3.44776796292985e-14
2.27902488384462e-14
0.00172821751858253
2.13714573934330e-12
0.0566576997473758
0.119920036374149
0.00183640905674111
0.00758209378310040
1.21445992441768e-14
3.18933826241620e-14
2.40027584670427e-14
8.94984933749097e-14
0.0397872104800272
0.0234016606023906
0.0622260162011898
1.31803698144198
8.31067841869878e-15
0.125999999999995
6.22562496072091e-15
4.53164840241161e-14
9.16636732895263e-14
3.17461284208497e-14
0.556298565410146
3.12333168603954e-14
0.965702682966998
2.16460070527725
0.175999999999992
2.92639745357830e-14
4.60310171640243e-15
3.10198761237313e-14
4.68992148554972e-14
7.24065832949741e-14
0.157008985906057
8.27548625397300e-14
0.102319093550758
1.25415409763066
0.157118442302240
8.52091278397906e-15
0.155999999999825
0.154707084907513
2.17141692564897e-14
4.02415732751086e-14
0.0558724170778257
1.85873970117842e-14
0.0841564407264700
1.56774573497416e-11
1.19271830354084e-14
4.95788777312494e-14
8.52397967137995e-15
1.63293907219909e-12
4.13611418252067e-14
1.40214610726595e-14
0.284944502775502
3.23097869162718e-14
2.56915639679333e-14
0.535236496314600
0.0109953358368308
7.81140648882037e-14
5.07221062182151e-14
8.40856712862032e-14
1.66440624547953e-14
4.14366938638520e-14
1.64832335102445e-13
1.61810562733906e-13
7.98774962650422e-14
0.165483880968488
1.49979867446851e-14
1.63863061752629e-13
7.81144986848157e-14
3.09633298787019e-14
2.68431021931294e-13
1.51785567639065e-14
0.000762248198309068
4.70131881983850e-14
0.100801040118238
0.165421335565127
0.0271606575399276
3.14852785665545e-14
1.63862588960424e-13
1.51994869009704e-14
3.08913593514037e-14
2.32155648598558e-14
0.0974203692899923
0.0791433206204386
0.124698243793133
3.33300928019850e-14
1.93230436368173e-15
3.40154928623006e-14
2.20818517994576e-15
2.12798359313035e-13
1.88554783805256e-14
5.06084067272104e-14
0.0377774253309201
1.97976171119191e-13
2.06148761834304
3.33278414530860e-14
0.119999999999995
0.116511649290228
3.40220971191054e-14
5.17820674556754e-14
1.94165441676287e-13
5.79816652449289e-14
1.03915727959653
2.21317900484320e-13
1.22541617429392e-13